4000
854568806
531081952
155012724
930827082
767676552
270394271
279842922
962398574
202676998
485868655
223140070
756314747
511358868
998327561
425953188
266608025
585965871
351044950
457178622
117949238
334523762
951379569
978723108
946476168
127391764
987439506
121083974
344729254
252678006
134040714
280191368
472370938
660688084
311521428
352782910
787790052
456488368
446385632
510205955
305802074
342117299
681554296
787346559
380520350
310520140
404035670
358400618
916033200
229220132
799297906
340650928
918477366
454626722
948538829
391871117
931565403
209080316
707924305
604827028
503343624
671182657
173161124
588095215
266525661
669160604
538779297
404766952
388690395
786799124
349207048
531473191
771615326
165114497
993290763
667988537
881838779
942348176
545260845
789619565
170697369
940732925
115999316
326152294
515686354
703133976
182740168
124832766
936148374
822784066
720029551
203883297
122223281
476294943
164046648
806394231
344283601
425179990
469759360
995893451
693095200
322118598
607896038
107599244
541611303
843799001
397275418
465575014
315499065
262134315
100175086
967139117
925977325
733299648
963424778
738103667
130045392
256071321
407294628
819298353
331243810
910054084
490122532
263201203
291201906
631009300
379646668
115897108
905283008
577348014
347248891
700884388
279524780
472189211
877202802
849424602
318051382
970584739
534524692
911258437
383848710
415744819
857505278
876591169
565993387
220259170
597785806
438411070
302793879
236059284
749583301
717668827
454358277
124667821
198670248
882798250
702018203
314493063
817558091
783150981
497688296
804262518
284989084
891403737
991157203
969756483
619839503
583792862
946013748
689969055
245557081
137586516
347625907
459126622
691797692
648191179
942402500
770122489
269241936
677892769
964886469
955544551
582871134
128071505
218218582
855262293
357650990
877814924
263116068
815397150
391383382
902698669
979899179
347477317
709590419
985325770
155148141
175269949
934808529
229785014
433028633
432362674
812327220
321904778
477856158
561889875
354414589
951219776
254777518
670447084
933027558
854563227
731186786
812104076
786053326
100955317
536571921
565599254
931127263
237793197
213967834
944550509
219843726
698132525
717605626
432113505
416606401
850923457
417778052
629421045
484268090
853164516
169649630
700431175
914656189
317020224
545757929
772442835
511255518
538747260
357243366
447632337
671437646
637461051
247816566
920189898
653826243
442700361
985524949
623909950
709994976
840104101
275344526
498921626
913810613
946368668
599907109
445781325
151738914
372223593
471279520
740273848
416750785
832850342
159149998
155190084
484754605
406980133
295005618
728203971
167282273
419126989
367688461
577132120
134529370
579992633
521775339
905804169
686530594
649473277
258330627
710567728
585403005
978437208
659849346
660710082
390942409
811627879
919187853
636674206
259674446
231505383
104838386
187787367
265206875
691577682
956817857
302169959
397769664
843628032
355594736
282928915
412309910
732329857
544537615
821836551
531191832
413813606
577681975
337977992
128569979
575181643
575042028
542488570
281328303
861123993
671896752
567985755
217892199
246446184
970266608
238445296
552892764
855642027
130128448
650015598
801757026
339662885
322671385
113635525
269178274
899154935
823292798
467399555
564118482
159353783
923309294
779526227
505363740
181262564
421414480
838411323
975544739
401808570
143723810
512059753
153027666
647135400
739218022
602403055
471216241
926227506
572575321
668468450
902863120
996542778
377056130
757573896
756613006
828585753
969097378
798961806
306290393
834169244
101970535
577898686
811051374
255877871
894806390
830986611
146959354
896448463
126778638
961763477
277217648
859361395
984848499
816953208
210252745
611419316
476279984
240899325
430857672
820302437
491350987
354558882
239726701
670784080
540248181
215443923
603440879
531164983
426986567
371067962
243086420
619437513
727976256
658107995
534627822
309719699
164884213
755480270
959671084
600975461
326406340
958597215
579383912
192803490
272987128
596876221
269237261
103332724
360780629
462605323
247422893
175863897
561795759
346061658
189910482
630884566
471321176
552767096
165526196
940527532
806659397
116021205
204556420
410288626
760484866
586984591
160316520
501558557
512012311
442110745
934492322
713831894
175851094
941028189
716680599
232172971
587529988
440928330
103417057
577795984
340075605
266571202
603535907
163409051
206327058
298278631
695568246
339492978
314552393
688695818
343419312
498100385
451672624
111292696
510852927
882920657
448057363
547718209
679616889
802107692
859104496
548699359
105551779
780148606
431462473
774126099
257240421
640246180
450106204
669595181
899452877
263609982
658062028
234042853
213081490
858783249
354127964
634966663
353893816
303221024
305537459
363654744
896053427
199143009
472535463
566271583
165128837
402791469
175401364
284702155
113666418
237212830
790916304
262651633
788248969
301809273
745545976
672612347
643589204
753214557
947013699
571486749
288046145
572491320
483129707
428155745
271457233
643246507
751484946
321114021
949962863
662354380
696907904
734573946
848789880
723760645
743179413
669731324
434198466
921882373
972516166
305725282
524794976
816189335
667314570
864857754
538444932
694428231
188530377
309322598
501070024
603416867
259024007
861662199
310207056
937644588
217853317
783815797
292542921
851314146
380098807
437656192
546385025
864750434
839636361
460069795
853492285
920681541
979294749
933910741
913834404
968201482
910162798
142105310
565204774
208911270
421136421
524610170
415616723
348981136
663022221
341166370
488657886
455743064
454930987
287654396
544963180
801154815
613985167
584110510
665646738
800208956
800311605
298333068
746730727
975333485
170569044
930299845
550066238
912497273
994069427
303187570
780186701
242701233
419255415
201762122
285497162
121348275
742216676
395197836
609023499
829439736
891996951
915892024
716636245
135249227
312056847
690166734
478555806
437343770
640398168
445595489
271513976
273795756
674915118
280308207
483025073
598683989
528285247
314104731
246139019
241506586
278239403
571608644
363310882
737407759
488208370
728426874
207538324
720430095
426682213
227909346
806128810
108957451
323760238
335190050
708639762
503733692
785528414
667479830
614588677
486737473
384920367
147215420
494830320
953274971
245727829
624455177
142069747
886918683
546043721
553951867
370023086
582851791
985487337
903125308
200724051
767799828
694489748
208951582
679256926
989370998
347027194
291540269
638247620
711459100
144144856
402931051
664832954
636193703
736960844
848739094
469790675
596329873
459368924
822555647
701940491
943712447
348291090
501689743
633886448
153825366
949006193
525876292
494338309
398824286
741730627
475539406
671532784
815668392
285712601
749519746
659671506
836710114
957817906
337922232
711142495
941661270
368224340
435710987
347897755
584660407
443029200
905343490
381638417
278967510
224828541
286303099
126832534
806698406
422148076
803674486
321187465
137471538
986906229
171318520
588228532
690799018
474380213
993069669
752380924
639150384
581286242
120903969
439835491
929988447
266921684
224558206
276029826
906151951
528565564
461110902
681660653
977930748
869044619
764161627
973738827
226281101
703786181
336512356
794744668
678443848
320900294
779938887
507210397
589243979
137949854
396580110
240297962
482121875
421701649
496711673
474009698
573447295
571527201
244527992
342617493
794302195
947645194
279402599
315242257
724304056
858459825
637531140
192028349
710252809
107574671
181194558
509194278
230585922
836293860
396313869
635024812
354106534
618882526
546941342
480632084
414045449
177448881
152332949
729136555
219813535
208044199
510601648
454747126
220732104
251153060
432247968
347122738
834591268
573501555
396877306
328661977
958563320
550546228
143830758
381951841
259483117
411628197
687229942
577274740
267213593
192113331
118328384
533650903
666314606
115055351
159294536
456037759
910981013
624668601
670157689
679282082
248600024
798798071
157125923
544495113
388065721
396577629
226984375
224918573
694004908
338533193
501533422
987538280
257378914
567091489
230961769
466863153
666372041
591257141
326173702
953559815
110072029
981176387
756315461
798916309
404109856
170340618
867877228
373520122
260604359
765797119
473873951
444396987
906640003
757835982
723854109
308443369
764472781
682714039
239027567
375664705
367366981
814251627
761180719
477039003
527099739
168463045
159706737
357161671
766430656
364273626
867523745
296513980
184935666
633221193
267120397
170175858
458583021
465639158
215728932
462177713
310740729
763356010
882527954
287546432
345191475
129678368
187093168
637113271
666522964
651769310
710948528
955206221
721247392
915232318
868560466
361052768
267478599
866959994
258146929
467622814
757237657
666156887
307732211
702206986
786348688
216607529
684916751
327905271
660440702
993008241
161611188
952504626
178122444
319248541
639824438
744326867
416235360
610268133
365017580
634312005
121562298
170506531
493490415
767389201
869679584
907418021
393221109
649079229
474596199
456157328
868514418
228969419
130823469
324354046
234949448
609791115
277122387
628218881
160297399
785224780
294511251
972048336
766226638
386522097
128118156
657531813
562572528
100656384
120109320
284823408
436638280
867737975
377577303
606640480
989334486
593919911
640954431
167389291
847811433
577216925
932343757
920572282
702091272
513538408
889328600
824358905
867067631
722060370
468283385
944855032
740400702
531367851
707837415
488833687
284053840
450680015
185092869
706085271
815805344
414983174
142462670
130450211
558289264
272328706
788209762
564430894
526676712
613226909
873701239
991837220
543600576
120202610
582815895
546060254
927888147
292426868
962083679
200555286
143707803
857538729
831999597
669181605
576086958
250825575
160188493
321358238
808998175
762972112
645964288
888495146
689567255
289323068
863080955
704165109
970117207
102250995
849965957
487392519
837301275
809570340
408107681
848025385
462358090
860614980
883822297
670065554
545373831
814599477
316384046
724328808
958748552
789895088
214160611
339571083
997562217
872589565
239046031
410846671
734276056
535093612
507024608
246454258
762233385
563497691
940700313
706552863
950956048
375276102
461521182
783301997
288659043
808741023
730904145
325492894
561926940
616745220
545652138
444880937
737598453
514145662
750411133
479137028
100658688
764311257
832643461
709789445
651078487
985410913
599529706
948856266
189106824
449582883
833762565
972619077
695176016
334096948
782528469
711332785
121237864
124970616
764606772
921405671
597711743
218109198
178928401
729495014
278337895
875637198
517634616
178559258
952516433
667610407
929729930
237623112
162413545
159987890
525220467
742830589
485997889
167569614
979363681
526243982
566814021
274200130
115510179
458848452
287717610
194914837
152754142
766116168
415141314
756368309
111903767
813415765
857884208
508559539
806575481
597756883
982780931
562965906
902391279
735001075
954677165
735148498
631078530
264540783
336477027
467628334
178729466
442323740
821805707
622665901
502860387
973609229
427554437
215499213
605659288
656834704
579623945
296068831
387236647
182776263
947289190
544044232
276280850
681368116
139486855
236583229
715235336
239761475
129083540
425355186
769802315
950330080
277635062
156880622
383416780
907809776
621809867
104049424
315940427
827336468
612556163
301095616
261989576
144925567
866965489
457724967
214569506
831225120
584385450
715562269
337657430
442657316
610510252
106392093
578711615
934632405
576076814
516878896
237282405
445612112
812696618
112304422
960692675
332010488
511176560
697538634
685513731
495582178
164398837
487017513
122453848
768361440
429991284
702614785
699727296
953059596
744285390
397733748
961485058
509571731
540541929
102144593
991413621
169326218
744498891
150122119
991568849
951496288
253400038
462763656
920158037
330399664
796061958
925479208
131727555
712455139
701011320
206363056
960504329
133350615
341015732
611211707
460392611
822417043
937692461
244392811
765049339
787360530
306541028
892668239
637697947
218104892
736245454
293653074
801663092
913497599
491897041
182573458
642575189
723361028
841975722
371991911
996578453
949746679
624047312
997443004
572624832
569953816
604459846
708779258
123664367
330821027
742984593
860016552
727435189
734390402
727285559
213060249
135856436
261250514
515702260
293202767
189288059
842635308
822293366
704025899
778140222
634437717
795025979
327594460
412038378
661031633
887441612
136412158
339451243
555009362
831594133
988443798
775770926
456439168
550740754
329048913
824522459
282668534
421639339
238751636
197328566
122759302
974286120
906703415
527362016
988066527
598812985
417386959
873132855
293861267
650781202
996151999
386978164
380607474
956924774
853785798
691177669
731429703
617694325
414050175
870572263
493384453
537934528
123856479
959637494
826541094
343578623
195584291
403667483
302976373
840620121
164478616
627657960
252159178
435424912
232199746
733544174
885373604
488289581
572541227
454752639
239396576
289762241
912281154
743163522
477829060
602173226
628699499
283817793
664113598
106832722
448296189
782731419
242783260
874238345
916297682
688353660
604974455
457810168
346031796
978165901
288740574
269759208
815032453
985903062
332108888
757143518
508584518
827970289
772736828
301173572
416655642
262796007
698714717
147568610
427013614
160183147
942386026
716428195
402526092
376478388
448287174
241610774
222376235
416663636
929545698
331218344
197605941
356082767
770334470
733900982
878878164
863483520
136961177
255135864
394360767
855577557
492609389
340651681
760864354
520042114
325590948
740334234
570998475
388129444
106805796
729494392
402304677
247685393
553830530
799486857
900605398
912319107
690079359
175473483
936962196
215049404
499352361
787926612
225037140
711834990
411344121
403929777
665561701
324877731
370100380
620900365
211810208
888574322
187299102
833856638
569993179
817933680
670500917
548222912
710251151
692859998
220341344
521374174
756998139
293909632
696945174
602267692
538389232
259026275
525080467
354767651
706630505
877673213
694452286
218656709
590213495
466711261
842545159
902370855
177955210
741390404
373176772
685636619
139086179
783124738
726623841
773484613
479420644
794409965
882694763
855747429
466804309
691118482
251189930
461026704
985710848
907550544
792996726
547942351
848760316
887814456
371868678
217773669
602090744
618690028
893064628
763515156
220199982
189813731
956065667
603869304
251484714
702603278
403109991
422318840
374672471
250432644
474740327
244545893
658902316
577077427
275223802
581728795
133663025
631679792
695102932
474602353
953635560
118307604
298329930
736795040
604276832
709420333
962805733
991527061
404473039
637018081
239074188
981519573
683870962
299794968
825919232
425674470
195356672
290141068
187347727
575025867
283010764
103708434
581609769
574798175
633735946
323474576
818073809
623375123
809093184
548111676
140320197
582124429
610407144
597447962
623749088
269525670
753731034
679702054
719011513
932857678
324500191
977527637
286055539
839086870
954704346
830114444
986534740
934197341
806771843
253403858
980055453
487236506
689151031
618846717
715516004
929015694
582704169
696928831
706781927
345556873
215450327
966103490
431500823
262308045
115441164
876050037
281359489
704432764
436112774
640587917
941846004
884858474
793385135
506908777
315361022
480506023
770017728
271786842
631681597
742430864
873815063
985720625
645654825
398906366
781217279
997259568
189559529
757983188
199863035
609099744
318968334
279140840
528820516
295320288
972103011
777142486
805374940
573965287
270018617
371922791
762174851
909040383
363082283
362927709
933682778
414462826
381408342
813454854
495275343
914107913
129343211
574025157
157106944
541813530
370597177
494331083
614954679
593729495
354589851
249179428
217021148
946093744
271861920
979602664
628053224
537027279
578385861
592068620
362515069
522067031
908091824
968470823
695043708
565674209
267652750
246947156
317841552
674300867
457683930
655888955
854055577
190056236
307085434
265769952
280523403
732459965
614736948
237507132
633075428
627530317
280167991
313938151
782860700
249800775
632083956
786213615
897592392
512341462
873835378
535569135
397975259
530141313
697146873
948076862
784879233
343304074
656378412
936522863
448055700
759006407
129329598
370812411
594757329
811479351
692971640
810427665
741365274
282528009
858155470
816339926
554376167
822063954
475390335
868040214
101935862
503308138
969847334
993777464
158968258
928919377
436639980
682432041
273123572
360066300
681089961
806175474
526856804
392343447
222216607
703078546
117605856
270680165
820135749
504507696
962430250
332184330
938785182
970953170
184998479
194113770
155116051
550427443
781152474
884941642
657615503
969262361
728538349
562934618
610878842
575487132
475921921
229431570
751081654
688485794
166155970
936896051
512105727
502960198
124839245
988723415
593760816
249115445
348522076
749411318
487874377
844953232
971496511
690806764
681888112
229956334
856317812
442427822
992779335
141169202
207066954
151462352
495847690
715940916
406758598
731805546
495757603
998160929
132739978
805121778
212714883
141831277
322727252
849444932
483895318
699645775
739619903
508405259
451010147
674269315
146519631
520044846
626670892
899661237
155711035
980624239
340464689
174321287
487360540
208170590
311778504
230437765
362775120
857589827
239419511
365720835
200084579
981611106
606109511
279337238
800195584
648108679
467967970
574641325
399390383
571186675
169825522
342275027
722935115
389096736
918102115
170642573
769597974
986453071
593607676
465091265
268627266
407808629
906968680
531349404
219530458
873761612
822758763
358613067
440104238
531580541
610745149
766807921
657435570
535094033
382656639
298638299
219870137
710575804
882100649
881483190
420132074
843466403
595639802
621797754
750023762
573233951
828601875
342673788
628701849
202775831
441630968
819728078
991986768
928838241
155648859
557739315
357346883
158118764
303412857
610543959
644583518
281110765
384413787
812141692
745817188
481663626
912355931
386707946
926119644
665500994
158934709
889991141
689170958
826450516
294061300
316661632
866812845
873416020
827262355
998177700
553058983
760889977
982454711
837670267
508892882
880144922
440516443
169910888
825624269
852548551
850486458
861148536
556401951
170770115
675878641
164189804
351425702
305034799
356820962
890094135
646767453
146451756
478099101
889713978
238955025
512292476
245722945
496752521
656951783
780010798
984394747
467639341
719959036
591519916
498202196
358814053
656508588
468095302
369646592
604353628
476928745
756165267
191254333
321587229
247625066
775720092
417806874
847500064
157139956
833194069
882062688
391743549
788798660
124202590
104520504
477472710
987728403
293009677
476481419
383314861
695247354
929642367
475764421
910330347
888549030
311565547
357538574
159175887
352067661
380170403
693880232
202937960
937340145
744097145
996556771
216459253
658754679
220984206
385552790
730581516
796354352
316933510
528475553
283921324
833866860
259556315
311737491
977255915
953614548
170206056
587757856
187056353
686468362
403893339
654965988
478834980
607294926
914126689
684785049
341232042
357478419
224481164
855687127
428402203
273040547
190871833
680146371
828675757
644257167
707328409
232490349
641368815
913305496
577824833
949618780
417053803
462493304
496202247
312154230
501626298
440972210
651063259
445200999
179963612
579716875
443168583
463246549
435761375
752895520
710837359
845875619
580772459
518893152
179112249
197675307
584031902
705469360
395645455
760022138
303158780
788668370
674903205
866399319
191956583
134527623
436042746
907598348
646684113
754345233
244364279
312977922
939142795
616044065
316020866
777625923
129291213
430853267
827391418
414897830
400053567
166674369
782889387
380372867
332032663
940103820
260036556
506701679
604570619
540109246
721898776
423790323
637876043
295542212
630328872
601118593
142169046
933387763
624773406
367351939
548511905
715488010
230617774
543801830
146309540
209419246
453946225
303388480
644769924
177362701
367070307
921855376
364509466
441811552
773695494
513753199
254520814
915663932
647504046
430194636
510832700
308343929
372616545
604457262
690707812
631461089
848159924
262676446
637215401
345075254
416927035
791178178
504379673
468879500
253530922
689813886
150944535
781850601
677735988
453279589
145520525
579551568
211741976
833493214
566569793
573179345
248317287
157943409
767027615
238580068
755154791
633077953
522725116
892438022
366748784
540514175
143552038
967889464
186967670
308149919
328090679
789619238
460142787
120096143
976830671
132071908
320100030
240391418
713047864
539433516
358401670
107396728
646188401
886159908
183259746
840333615
338895012
585324924
970395626
133364442
280892987
701141123
975969378
885263399
729617909
575963133
229519404
920635970
397066302
794480384
217675665
161291531
721989365
187786702
242602745
689040032
465566631
548394952
131270155
661263160
942720285
645944795
814765071
376119209
516454217
941881727
754644704
315958647
656898566
872537027
212541138
525212174
817375313
415236341
850747277
514167623
305844798
349075963
171291168
430848105
122247784
883089465
321106881
373244278
602300805
988622036
196659945
909951664
853355441
271083022
472787857
910568587
535508873
184406596
784073087
487368847
372637108
886168799
384829759
371604430
903697879
506688759
568642378
746876628
955093628
426160644
701961065
608901391
404542401
906079169
168222262
712728951
112740549
990567893
912772826
649488943
496361574
568374407
779996568
590997434
803822210
608097225
814050226
584091422
736498498
675311751
857091975
230677889
605300176
293323152
605411674
591291643
182142845
874178584
339345313
404457979
917808923
983230170
189548338
647792351
804505764
471766955
911963092
312033800
688890690
745661986
243737741
629737469
437749397
855799793
566192776
522872464
665337963
914625181
276500395
147349820
947829059
755450977
997278782
454768795
699169300
639253199
560685621
939559837
133776067
504742655
120197839
665437944
922506991
192072572
880774341
244360579
445551731
772363394
922177385
560600109
802465241
502665191
595515006
814156989
670515910
775908584
535124281
661047602
903838496
327898974
596427597
635889942
470169859
320630090
621403196
563444702
890742465
115279923
825638742
739804118
804303721
384397520
370747559
520135910
815116995
621243413
484075956
699383310
382563197
554158587
884971258
973400457
933804735
150840396
961789257
249087569
751008577
380078131
914449329
338004020
476068495
444467010
179188126
976897000
744016935
162512190
250893828
128356603
607312293
853788588
595817698
942719232
421813670
232059199
806081537
959630937
997451717
158671332
143294229
778628702
341465428
654573181
707300399
143068783
930180628
235726313
908204097
980641853
908760072
984865373
652463203
919944499
191468004
219471357
916756539
297039291
299667011
562650830
304243149
582490852
282347882
772394861
735691060
219052216
712055452
307066710
898564176
923817471
382201969
365828259
265053463
173063285
531469069
349470051
849693726
804923749
429170552
636847388
577572535
663732894
421262985
284654054
442353622
816955700
449045720
868905516
252587717
824821035
365399161
329941302
353815787
886286161
329318157
386894721
280520601
632962490
788377110
789825785
700944884
797416302
763543251
628893845
450702870
750507314
210390178
258793795
840449576
168334109
314142716
833947148
874933792
928863929
316716737
246931582
281712948
619770698
615356589
933093663
359102250
101190812
289627529
266532072
940923630
841574663
314856246
750445842
923119854
212473283
761359855
746353802
982577524
657338770
308780180
703699839
979183679
554689606
881295970
841642603
358427129
875372768
631417937
549314726
622391682
761034877
919551767
634362692
836115161
131725990
725876634
306510519
302053854
851123739
444267314
537206410
531843172
358488766
200242138
892382822
111264648
401886590
807334841
150806294
665386436
295543004
134223118
903043882
263128395
476705402
821378042
163147022
466444429
300724494
976618748
573861741
313545424
237706135
380569457
879493804
764905376
416970881
564893381
334692826
284583818
875140150
190158128
230699280
515464924
201873220
853601123
386340889
268095960
407701312
358195677
273369181
159831731
131126902
494286671
217323897
951621347
119858424
196373701
561387190
551113141
451767974
618575103
583455167
902827983
955918826
877623885
890255549
633277947
724724677
666213375
493922333
816925997
843501628
675805870
418929833
361518710
506217371
291429638
280207891
261524198
882548757
525459037
946535546
561567693
952620034
981310349
548232400
408851320
903051187
104961534
831906321
334900838
335117814
336475155
693918068
117897196
904069275
433930500
860630119
388814291
579748338
745343451
505745115
793472700
203612707
866948019
524925002
293110375
142041228
860756002
982874154
161300319
970064924
280387338
343144022
923910754
526154765
692700940
474980159
877340407
672860900
739100978
717682944
146977072
921010087
808422571
519878284
556707566
163662885
220249717
821546620
225940435
758355157
290525737
286944710
187963409
716662438
686061228
282355459
861239551
456466115
927115521
870475076
582622998
913650727
903251503
863749570
497004651
138312593
600495841
536046618
539282733
613911882
833750805
451521569
783581170
810866119
833304116
930296220
115455380
982623885
461766374
728031838
145089952
888040753
874867894
869564389
338367892
220628810
394734252
718434118
602202713
111106670
715564485
570979808
832123036
687497206
636586798
850324876
991079268
492587014
449407893
674299523
468606066
278962928
523347005
392414508
970506450
286191547
912695198
534901310
505330364
903582975
775535524
430718676
932984414
488114240
487234804
686581684
896047866
429069746
638570141
962355580
223094929
964754643
645322449
888444721
798035057
429138514
806701773
302981432
811163918
965188554
633099625
444230684
996139607
307321280
324732291
834772978
213365291
426627235
429490812
246819847
985340676
493038188
873945196
977455448
924528570
150997811
439710571
351644576
666690426
880573987
413817914
639085931
394659675
656182803
206151338
382920554
232631449
102077508
787954987
447802944
342122042
951844281
994585253
835564091
428102896
719824205
959285936
644838536
940285426
291652073
838924920
418031033
304513830
939161719
477122738
804592851
206149196
219214738
906732028
189794928
375594456
141141520
708274578
909117544
476869836
857586199
923018579
481976432
793846512
717851497
922076305
903982387
904258770
237193163
510564212
738819536
613047004
453270987
218518223
327162456
977149726
633574601
913551364
119911256
296012365
228421968
898102976
169866022
305600487
998489406
897265002
849247737
993335057
527599889
543481957
364617091
185035280
125400275
117844676
922545507
720942270
941385108
322291322
866415704
401688223
135927860
944961444
420630612
470727309
134853784
952669277
483663514
880665515
977558700
885644128
612425919
298600668
357103962
971946838
332268959
803708515
903268158
506750253
903639481
734042363
838649593
825642131
155014068
917162494
482900204
471707540
128905420
934233851
942885708
202034468
167715927
394539768
246536290
326484222
101472220
627388188
564294068
524920927
723712904
343378083
307596613
278887897
930211697
509920808
114264849
588665164
535696674
636253623
517584454
306999405
961013055
147221913
113247886
892465611
387198704
409209848
987445633
333902415
646626913
495553784
573456299
112273916
706047108
407623466
287816054
348565111
988444244
356356502
272113630
475956035
331353237
397824503
316620396
416242305
461673389
986484136
596020643
485711667
654034656
920709981
904283063
630013430
302583364
406356899
158350727
185479235
908591605
611594940
414233908
195226219
781047278
147251184
768310307
882485224
418179210
899051251
741155486
685187613
224952241
979218211
199489604
701934799
886987890
153888795
979701738
557119165
571657212
401450775
477297265
830996333
844238197
995601691
282295478
762574039
321883182
392886421
538076458
580683294
935663864
171194860
489595120
449820373
407120547
756396051
941824455
671956478
447345313
202327868
107978521
890545544
845109060
339551709
985170068
707670178
623714612
720124803
498458959
348143396
441853832
644827428
205278391
568472565
752452317
316958617
164620394
566181530
360907149
632228557
820813966
404928903
163349446
374784395
374688328
971211711
486029928
679213501
391799672
347774788
292173366
207374838
774757901
776794083
504986856
180251121
821596260
603262460
439263959
917465039
903973022
247601822
704969005
886844384
533872774
678482653
116035248
740759130
450242833
440970645
473810514
501779395
228503050
911136197
971384270
591111776
141812288
728693433
420095003
303678093
160700386
231217391
750724074
479481317
470969720
726245304
813531620
945069917
470463510
349245197
565581078
302940657
927024463
298478902
814343981
841281245
600657649
499387907
288208031
697477682
604787509
265945368
700610619
680531852
561044604
286809447
731173085
272466380
836483234
909094144
510073609
666351744
805930799
674615357
972806460
783396486
784948483
501044663
790883438
316054626
429877614
451115210
689092853
507906110
835870447
686910981
846473094
266536989
881937385
353168094
864392484
589702593
251500675
281233759
455314817
902392994
461553545
190925430
387471341
194977875
750734592
117618099
838943618
993652848
257673291
759432983
634764151
242850442
507000553
826270354
100037082
654878607
693522003
641606505
774394177
271706703
526269878
995207464
665097987
195858553
426268857
519388229
347414735
849332218
721966748
364787788
827650121
818842306
431142531
360741531
559206999
173101619
551228598
440697602
902325690
189481140
197340950
768133379
282574653
632235967
736187257
845539887
390736859
352924663
429737389
100131331
617120813
280167142
529723745
931156989
105161690
383608955
232525590
121192153
335115029
770395648
468747116
726145708
298745778
483398048
865512404
408212795
837388815
705563843
580834882
182618629
447583364
572952800
739134136
588356537
591846072
628826910
267609501
116253092
631092059
310006267
100197605
388799897
241342406
377055818
526368220
841774110
659182760
612933530
964904213
283110974
568897749
972540579
370317220
612476120
441057156
730149845
437182310
975757121
258776001
699136332
907923832
803926169
654143530
891571769
464632743
327933122
313197635
195351345
642354076
571825327
910882071
466333052
409786306
657983656
234758445
959827992
655177595
693379476
220350131
967914465
779772749
737646902
562083359
201084648
538774747
541740319
567634087
333919163
906133582
913057181
711749197
782132827
234363910
949928755
914596351
879829150
137021749
587111056
912055742
732025022
315682323
939725966
722248602
696756418
636219839
733341806
657036661
549043800
821053880
192184124
595733470
407202691
216687975
316950724
924130859
301335345
501540434
651279708
312325343
576183129
756785535
236585911
169996775
682519535
985824739
571000145
464609800
942312547
930882816
820402963
456802615
801815411
999830689
769926050
918822092
508379682
811681263
338174528
961389845
281950137
502636158
335847227
576219971
143518718
508427825
440463082
954639410
186048987
875810639
297043441
932263948
505406664
243862261
335502757
393393542
610506153
872394851
817503670
467612646
876505892
145728570
103960035
535984164
192750902
751206781
322668464
279260486
542014565
957599828
611163390
560749110
523707155
997234601
134864036
785861918
426603905
428252317
644903146
293736675
190007746
431109457
522365457
369075538
436275603
134503005
571466983
952039799
514312909
513544717
662216864
153555385
581673518
298312429
841944500
847595854
496561341
463343719
454673589
813467285
401607304
364189628
670979440
216915741
562298311
721917290
507795149
552478743
440596187
364629783
123640595
390007026
690452007
848328629
639609437
331044793
245459225
570777850
386399160
214320672
685526819
271554959
275591452
143163612
511075772
563947905
403161825
600510610
136016753
755121678
858525347
828175923
898852337
534194266
788072234
117371417
572257850
403163475
860579447
573287180
382010542
904295633
596634413
316061571
539705778
728769993
782343261
855463781
238008852
237461550
203082465
476933547
233685746
220734717
740760980
924684265
573769627
636425158
451387561
879093797
966554682
936021096
223210484
388869703
195670000
266019452
623756004
317242143
426493446
516848959
296461641
468060306
976508136
587641757
333859409
763122990
521491382
285617128
400763589
236031645
588090383
569040568
238977206
764999742
352842038
832343261
615165128
997510163
938830481
147006457
562392360
371254153
480452190
282800359
132892761
515533966
412951128
689224684
189003472
796019842
956964993
152668607
908918988
457310837
567516116
633343972
971094318
311996492
501426753
399179825
273593409
696122973
301012723
802567905
609570410
768083855
476082863
604665734
549175724
281232590
719774150
781118996
227136196
519360977
316993408
790593015
622721051
214802048
126619024
124299800
514701430
144954717
718083571
715176697
408614811
816665001
597625716
225087652
308358949
564615443
355620480
847380097
599983993
328161443
287408908
875389645
863276826
522093490
832324936
637948287
133720509
954548817
827630426
236243154
278401958
802162756
898191941
767470883
278123368
286152951
222433632
345425989
857820988
979858661
977647886
503895534
361468411
774492731
705204500
812097448
107644788
137646414
587555856
241606774
236587324
413455581
479006490
539368098
230391883
932475115
172190833
377226547
427530151
404806626
332488480
322728484
503814297
298685905
307943214
344462844
461682537
546598343
858625240
634294432
370774514
256439722
748854764
949762619
346896161
221554047
372045602
310563760
819353987
183351048
940753959
571291835
498108298
429485698
723131290
401881949
383450703
827122848
289642508
776525417
133685406
557177024
786765200
817930366
404595968
637675603
403801274
628457032
256983578
308924196
500226096
277443505
637448336
588384093
302988811
727744431
256678575
939452235
755053838
657652021
130993907
189400230
931695195
236591645
897782120
884016922
304211142
159216989
229609380
640869445
850859205
133000149
121945312
719439841
711507413
267620800
845296026
280971948
779236725
719293907
827880930
508581110
478765099
943463633
747307882
996168347
709212033
971929580
713817866
907204539
870148617
672495996
400043825
904607778
961614568
680083670
407605921
458806094
157991593
901010676
764089956
767813846
398292535
683264130
133888629
257991014
613449292
691068495
300112055
736029325
723041179
638508865
738111910
630349869
958850713
867749911
479747584
500549914
309822055
352178606
852380910
120469001
925031462
618841917
295588243
433339255
254560829
901860518
520504413
392018672
632343456
332946297
353682549
149421317
778380911
531540415
513979297
469121420
203908060
236421086
168741246
108050400
363954823
271404087
378011071
818400633
695305094
170906115
598856771
885817223
456714977
331187713
412635863
288008918
396262791
258859312
875185684
676188816
868640171
263854830
932632279
523745307
913945849
816102773
174440192
980304448
735969560
962334225
262308851
504581626
537196027
812299996
944187262
484133687
255661931
365607768
570597179
577398962
678461874
335250276
661554020
698688232
977366077
629051791
315382809
715955640
954516997
654916578
397481806
613650906
549569133
361827405
807557638
752625138
868096583
392294447
742756929
927925720
300988678
745558386
120784147
791508810
842398445
869443249
418592210
113678995
483059393
601864959
110056186
437116815
659056114
733233939
394673155
371535558
805315682
721845242
699106367
820135403
510598643
694420788
270821059
365094474
729401464
794230950
431711649
937778149
385148805
542180947
163566653
759561263
980085790
875460159
425406100
279387976
650634433
994130550
493021011
333177468
397187747
394722373
588415826
442963531
606276734
248948886
587582319
920300404
291711134
176784209
726297171
522601087
277433910
950578192
583958990
496260692
162353796
167658944
556656080
840701759
748518053
854643009
328160645
671038596
646471287
307876202
740928554
323827822
886512955
907866217
175014785
603514656
789700540
836404089
494149671
643785423
659927675
892700960
181763729
513964013
244625523
439765691
474613646
792325986
873490906
929841165
379724379
494355507
814854588
816904831
859682030
300109394
565572668
620014685
514869045
505635142
379243655
175556533
369036522
456422378
917553316
945750659
332839624
210645300
922287285
273828589
484276276
422047452
527845719
733342636
817119029
958021968
937012126
140901463
118678936
171076222
770066840
783745342
819336939
359104607
904319498
269481813
650764845
912686471
913489715
278459498
773584816
108580838
720857448
275108751
368535835
361885607
671726781
749866462
358100304
817811866
614038339
716672100
895590401
305452893
273583746
889257259
516143299
183148441
102286915
690033552
886116611
783450706
948312271
168961132
137805330
930220424
115039741
105158885
946857039
543199542
945128300
710361010
692055932
810723382
493281432
235876506
745073838
905754050
354076754
841720681
712460440
196701202
224786224
168654911
700768581
773012186
772147740
733928232
634499298
644620045
636061562
660594543
300081919
428640618
885509857
818212107
108016911
544122225
370075779
340739344
900737950
654176822
527931296
838617757
494596150
299918624
783488409
593259971
423368161
264687364
365383374
895457080
562337036
747297119
900443716
374256630
777045933
781358004
625622553
115323223
525992594
502723245
484327536
330113025
705863222
673741425
114334653
792672840
686390009
162381912
356347363
542476404
431621745
544103346
711603271
334449999
387410559
787209666
402043787
539384136
376545567
756388812
380081265
257038542
214561894
796392155
311705945
852020950
698250858
625312097
986851363
577586913
420102359
482582586
602642791
900188423
818395971
156815444
127107567
740588925
926920494
310297646
416546546
861090563
763291152
232177959
787536942
256211649
957876022
219598236
367745396
622421288
663471442
188400673
880319326
962490263
489049022
635024423
703591171
469410838
221255337
433035104
977918160
937757182
129695577
473363032
553444198
971462266
850249382
743590631
748180288
768652127
400246983
816986703
332486622
188427859
155546128
451638100
250847073
674074804
988552081
470508619
430855280
223688658
649237737
713800196
129484775
781804990
907989821
110722393
555147267
420045189
895114270
228095093
687501010
174923603
926094352
678596846
698361846
772964611
574354977
985459939
951877153
287637760
924475157
612514071
776855148
146026425
865411338
506799809
891787056
972725776
132912976
138579759
882572248
755386550
610914699
287434975
714301557
471014188
858713527
850246129
110417680
724897685
353074409
136104297
845809764
836857036
667100028
308926752
432079589
959549821
747596471
249032763
844766867
560469472
669106217
769707111
763523962
407493071
976438555
442451376
660469629
222078470
398272392
388246982
577377283
953064007
387929617
514965877
545745788
326174099
498913732
266552723
181473972
237847426
675484810
268519104
703081951
850314201
285013164
374759736
105108136
483288854
358426200
501332418
951035333
118714954
559026025
521431127
633217574
704382316
961014188
284789492
973702435
611056838
883707581
587441933
305446025
119804987
924667775
191678356
641894072
863358601
226732796
982283395
588645488
648696806
554435824
209706879
913930003
447561135
125155814
374865431
308640395
249576877
978956433
510326764
418526503
666996893
742638360
575750705
445350515
385066933
352228468
728589861
721618125
100808095
863008180
536680487
841983829
463144108
487022128
515292209
649171763
114923373
736569085
311816040
738498174
536238568
189484293
516594664
198605420
222099438
603008597
381134348
135913251
705972538
920644932
655110073
653536255
133602785
379269573
857985625
499789746
117103037
